,05,77,104,12,29,75,251,15,20,42,125,21,18,30,261,29*75
$GPGSV,3,2,12,25,25,317,19,11,25,099,,13,23,055,,15,22,018,13*7D
$GPGSV,3,3,12,26,15,225,16,12,06,352,29,23,04,317,20,193,,,*7B
$GPRMC,003845.000,A,4546.2219,S,17034.9477,E,0.05,242.60,131224,,,A*7E
$GPVTG,242.60,T,,M,0.05,N,0.09,K,A*33
$GPGGA,003846.000,4546.2219,S,17034.9477,E,1,7,1.01,200.8,M,1.5,M,,*76
$GPGLL,4546.2219,S,17034.9477,E,003846.000,A,A*4A
$GPGSA,A,3,15,18,29,26,12,20,25,,,,,,1.32,1.01,0.85*0B
$GPGSV,3,1,12,05,77,104,,29,75,251,15,20,42,125,21,18,30,261,30*7E
$GPGSV,3,2,12,25,25,317,19,11,25,099,,13,23,055,,15,22,018,13*7D
$GPGSV,3,3,12,26,15,225,16,12,06,352,29,23,04,317,20,193,,,*7B
$GPRMC,003846.000,A,4546.2219,S,17034.9477,E,0.07,269.44,131224,,,A*70
$GPVTG,269.44,T,,M,0.07,N,0.14,K,A*32
$GPGGA,003847.000,4546.2219,S,17034.9477,E,1,7,1.01,200.8,M,1.5,M,,*77
$GPGLL,4546.2219,S,17034.9477,E,003847.000,A,A*4B
$GPGSA,A,3,15,18,29,26,12,20,25,,,,,,1.32,1.01,0.85*0B
$GPGSV,3,1,12,05,77,104,,29,75,251,14,20,42,125,22,18,30,261,31*7D
$GPGSV,3,2,12,25,25,317,20,11,25,099,,13,23,055,,15,22,018,15*71
$GPGSV,3,3,12,26,15,225,16,12,06,352,29,23,04,317,20,193,,,*7B
$GPRMC,003847.000,A,4546.2219,S,17034.9477,E,0.04,6.31,131224,,,A*7B
$GPVTG,6.31,T,,M,0.04,N,0.07,K,A*3A
$GPGGA,003848.000,4546.2219,S,17034.9477,E,1,7,1.06,200.8,M,1.5,M,,*7F
$GPGLL,4546.2219,S,17034.9477,E,003848.000,A,A*44
$GPGSA,A,3,15,18,29,26,12,20,25,,,,,,1.95,1.06,1.64*0F
$GPGSV,3,1,12,05,77,104,15,29,75,251,17,20,42,125,23,18,30,261,31*7B
$GPGSV,3,2,12,25,25,317,20,11,25,099,,13,23,055,,15,22,018,14*70
$GPGSV,3,3,12,26,15,225,16,12,06,352,29,23,04,317,20,193,,,*7B
$GPRMC,003848.000,A,4546.2219,S,17034.9477,E,0.06,119.47,131224,,,A*78
$GPVTG,119.47,T,,M,0.06,N,0.12,K,A*32
$GPGGA,003849.000,4546.2219,S,17034.9477,E,1,7,1.01,200.8,M,1.5,M,,*79
$GPGLL,4546.2219,S,17034.9477,E,003849.000,A,A*45
$GPGSA,A,3,15,18,29,26,12,20,25,,,,,,1.32,1.01,0.85*0B
$GPGSV,3,1,12,05,77,104,13,29,75,251,15,20,42,125,23,18,30,261,31*7F
$GPGSV,3,2,12,25,25,317,20,11,25,099,,13,23,055,,15,22,018,14*70
$GPGSV,3,3,12,26,15,225,16,12,06,352,29,23,04,317,20,193,,,*7B
$GPRMC,003849.000,A,4546.2219,S,17034.9477,E,0.11,58.47,131224,,,A*4B
$GPVTG,58.47,T,,M,0.11,N,0.21,K,A*00
$GPGGA,003850.000,4546.2218,S,17034.9477,E,1,7,1.01,200.8,M,1.5,M,,*70
$GPGLL,4546.2218,S,17034.9477,E,003850.000,A,A*4C
$GPGSA,A,3,15,18,29,26,12,20,25,,,,,,1.32,1.01,0.85*0B
$GPGSV,3,1,12,05,77,104,14,29,75,251,17,20,42,125,23,18,30,261,31*7A
$GPGSV,3,2,12,25,25,317,21,11,25,099,,13,23,055,,15,22,018,12*77
$GPGSV,3,3,12,26,15,225,16,12,05,352,29,23,04,317,20,193,,,*78
$GPRMC,003850.000,A,4546.2218,S,17034.9477,E,0.03,217.75,131224,,,A*79
$GPVTG,217.75,T,,M,0.03,N,0.06,K,A*3E
$GPGGA,003851.000,4546.2219,S,17034.9477,E,1,7,1.01,200.8,M,1.5,