$GPGGA,225435.000,4546.2209,S,17034.9444,E,1,6,1.49,216.6,M,1.5,M,,*7D
$GPGLL,4546.2209,S,17034.9444,E,225435.000,A,A*45
$GPGSA,A,3,12,29,11,25,05,20,,,,,,,1.78,1.49,0.98*09
$GPGSV,4,1,13,20,69,048,20,11,66,131,18,12,52,333,28,25,49,262,21*75
$GPGSV,4,2,13,05,43,358,28,29,30,241,29,06,27,118,,19,12,070,*78
$GPGSV,4,3,13,09,11,133,,28,07,232,,04,02,158,,31,02,205,*77
$GPGSV,4,4,13,193,,,*40
$GPRMC,225435.000,A,4546.2209,S,17034.9444,E,0.16,37.63,121224,,,A*42
$GPVTG,37.63,T,,M,0.16,N,0.29,K,A*00
$GPGGA,225436.000,4546.2209,S,17034.9444,E,1,6,1.49,216.6,M,1.5,M,,*7E
$GPGLL,4546.2209,S,17034.9444,E,225436.000,A,A*46
$GPGSA,A,3,12,29,11,25,05,20,,,,,,,1.78,1.49,0.98*09
$GPGSV,4,1,13,20,69,048,20,11,66,131,18,12,52,333,28,25,49,262,22*76
$GPGSV,4,2,13,05,43,358,29,29,30,241,29,06,27,118,,19,12,070,*79
$GPGSV,4,3,13,09,11,133,,28,07,232,,04,02,158,,31,02,205,*77
$GPGSV,4,4,13,193,,,*40
$GPRMC,225436.000,A,4546.2209,S,17034.9444,E,0.43,40.83,121224,,,A*4F
$GPVTG,40.83,T,,M,0.43,N,0.79,K,A*0B
$GPGGA,225437.000,4546.2208,S,17034.9445,E,1,6,1.49,216.6,M,1.5,M,,*7F
$GPGLL,4546.2208,S,17034.9445,E,225437.000,A,A*47
$GPGSA,A,3,12,29,11,25,05,20,,,,,,,1.78,1.49,0.98*09
$GPGSV,4,1,13,20,69,048,20,11,66,131,18,12,52,333,28,25,49,262,22*76
$GPGSV,4,2,13,05,43,358,29,29,30,241,29,06,27,118,,19,12,070,*79
$GPGSV,4,3,13,09,11,133,,28,07,232,,04,02,158,,31,02,205,*77
$GPGSV,4,4,13,193,,,*40
$GPRMC,225437.000,A,4546.2208,S,17034.9445,E,0.28,101.25,121224,,,A*7B
$GPVTG,101.25,T,,M,0.28,N,0.52,K,A*37
$GPGGA,225438.000,4546.2208,S,17034.9446,E,1,6,1.49,216.6,M,1.5,M,,*73
$GPGLL,4546.2208,S,17034.9446,E,225438.000,A,A*4B
$GPGSA,A,3,12,29,11,25,05,20,,,,,,,1.78,1.49,0.98*09
$GPGSV,4,1,13,20,69,048,20,11,66,131,18,12,52,333,28,25,49,262,22*76
$GPGSV,4,2,13,05,43,358,29,29,30,241,29,06,27,118,,19,12,070,*79
$GPGSV,4,3,13,09,11,133,,28,07,232,,04,02,158,,31,02,205,*77
$GPGSV,4,4,13,193,,,*40
$GPRMC,225438.000,A,4546.2208,S,17034.9446,E,0.22,42.83,121224,,,A*47
$GPVTG,42.83,T,,M,0.22,N,0.40,K,A*04
$GPGGA,225439.000,4546.2208,S,17034.9447,E,1,6,1.49,216.6,M,1.5,M,,*73
$GPGLL,4546.2208,S,17034.9447,E,225439.000,A,A*4B
$GPGSA,A,3,12,29,11,25,05,20,,,,,,,1.78,1.49,0.98*09
$GPGSV,4,1,13,20,69,048,20,11,66,131,18,12,52,333,28,25,49,262,22*76
$GPGSV,4,2,13,05,43,358,29,29,30,241,28,06,27,118,,19,12,070,*78
$GPGSV,4,3,13,09,11,133,,28,07,232,,04,02,158,,31,02,205,*77
$GPGSV,4,4,13,193,,,*40
$GPRMC,225439.000,A,4546.2208,S,17034.9447,E,0.48,93.58,121224,,,A*41
$GPVTG,93.58,T,,M,0.48,N,0.89,K,A*07
